475,301
476,301
477,301
478,301
479,301
480,301
481,301
482,301
475,302
476,302
477,302
478,302
479,302
480,302
481,302
482,302
475,303
476,303
477,303
478,303
479,303
480,303
481,303
482,303
475,304
476,304
477,304
478,304
479,304
480,304
481,304
482,304
483,304
474,305
475,305
476,305
477,305
478,305
479,305
480,305
481,305
482,305
483,305
474,306
475,306
476,306
477,306
478,306
479,306
480,306
481,306
482,306
483,306
475,307
476,307
477,307
478,307
479,307
480,307
481,307
482,307
483,307
476,308
477,308
478,308
479,308
480,308
481,308
482,308
483,308
484,308
477,309
478,309
479,309
480,309
481,309
482,309
483,309
484,309
477,310
478,310
479,310
480,310
481,310
482,310
483,310
484,310
478,311
479,311
480,311
481,311
482,311
483,311
484,311
479,312
480,312
481,312
482,312
483,312
484,312
485,312
482,313
483,313
484,313
485,313
484,314
485,314
479,315
480,315
481,315
482,315
483,315
484,315
485,315
478,316
479,316
480,316
481,316
482,316
483,316
484,316
485,316
478,317
479,317
480,317
481,317
482,317
483,317
484,317
485,317
478,318
479,318
480,318
481,318
482,318
483,318
484,318
485,318
486,318
477,319
478,319
479,319
480,319
481,319
482,319
483,319
484,319
485,319
486,319
477,320
478,320
479,320
480,320
481,320
482,320
483,320
484,320
485,320
486,320
478,321
479,321
480,321
481,321
482,321
483,321
484,321
485,321
486,321
479,322
480,322
481,322
482,322
483,322
484,322
485,322
486,322
487,322
480,323
481,323
482,323
483,323
484,323
485,323
486,323
487,323
480,324
481,324
482,324
483,324
484,324
485,324
486,324
487,324
481,325
482,325
483,325
484,325
485,325
486,325
487,325
482,326
483,326
484,326
485,326
486,326
487,326
488,326
485,327
486,327
487,327
488,327
487,328
488,328
488,331
489,331
490,331
491,331
492,331
493,331
487,332
488,332
489,332
490,332
491,332
492,332
493,332
487,333
488,333
489,333
490,333
491,333
492,333
493,333
487,334
488,334
489,334
490,334
491,334
492,334
493,334
494,334
487,335
488,335
489,335
490,335
491,335
492,335
493,335
494,335
487,336
488,336
489,336
490,336
491,336
492,336
493,336
494,336
487,337
488,337
489,337
490,337
491,337
492,337
493,337
494,337
487,338
488,338
489,338
490,338
491,338
492,338
493,338
494,338
495,338
488,339
489,339
490,339
491,339
492,339
493,339
494,339
495,339
488,340
489,340
490,340
491,340
492,340
493,340
494,340
495,340
489,341
490,341
491,341
492,341
493,341
494,341
495,341
490,342
491,342
492,342
493,342
494,342
495,342
496,342
493,343
494,343
495,343
496,343
495,344
496,344
