335,213
336,213
337,213
338,213
339,213
340,213
341,213
342,213
343,213
344,213
345,213
346,213
347,213
348,213
349,213
350,213
351,213
352,213
353,213
354,213
355,213
356,213
357,213
358,213
359,213
360,213
361,213
362,213
363,213
364,213
365,213
366,213
367,213
335,214
336,214
337,214
338,214
339,214
340,214
341,214
342,214
343,214
344,214
345,214
346,214
347,214
348,214
349,214
350,214
351,214
352,214
353,214
354,214
355,214
356,214
357,214
358,214
359,214
360,214
361,214
362,214
363,214
364,214
365,214
366,214
367,214
335,215
336,215
337,215
338,215
339,215
340,215
341,215
342,215
343,215
344,215
345,215
346,215
347,215
348,215
349,215
350,215
351,215
352,215
353,215
354,215
355,215
356,215
357,215
358,215
359,215
360,215
361,215
362,215
363,215
364,215
365,215
366,215
367,215
335,216
336,216
337,216
338,216
339,216
340,216
341,216
342,216
343,216
344,216
345,216
346,216
347,216
348,216
349,216
350,216
351,216
352,216
353,216
354,216
355,216
356,216
357,216
358,216
359,216
360,216
361,216
362,216
363,216
364,216
365,216
366,216
367,216
335,217
336,217
337,217
338,217
339,217
340,217
341,217
342,217
343,217
344,217
345,217
346,217
347,217
348,217
349,217
350,217
351,217
352,217
353,217
354,217
355,217
356,217
357,217
358,217
359,217
360,217
361,217
362,217
363,217
364,217
365,217
366,217
335,218
336,218
337,218
338,218
339,218
340,218
341,218
342,218
343,218
344,218
345,218
346,218
347,218
348,218
349,218
350,218
351,218
352,218
353,218
354,218
355,218
356,218
357,218
358,218
359,218
360,218
361,218
362,218
363,218
364,218
365,218
366,218
335,219
336,219
337,219
338,219
339,219
340,219
341,219
342,219
343,219
344,219
345,219
346,219
347,219
348,219
349,219
350,219
351,219
352,219
353,219
354,219
355,219
356,219
357,219
358,219
359,219
360,219
361,219
362,219
363,219
364,219
365,219
335,220
336,220
337,220
338,220
339,220
340,220
341,220
342,220
343,220
344,220
345,220
346,220
347,220
348,220
349,220
350,220
351,220
352,220
353,220
354,220
355,220
356,220
357,220
358,220
359,220
360,220
361,220
362,220
363,220
364,220
365,220
335,221
336,221
337,221
338,221
339,221
340,221
341,221
342,221
343,221
344,221
345,221
346,221
347,221
348,221
349,221
350,221
351,221
352,221
353,221
354,221
355,221
356,221
357,221
358,221
359,221
360,221
361,221
362,221
363,221
364,221
335,222
336,222
337,222
338,222
339,222
340,222
341,222
342,222
343,222
344,222
345,222
346,222
347,222
348,222
349,222
350,222
351,222
352,222
353,222
354,222
355,222
356,222
357,222
358,222
359,222
360,222
361,222
362,222
363,222
335,223
336,223
337,223
338,223
339,223
340,223
341,223
342,223
343,223
344,223
345,223
346,223
347,223
348,223
349,223
350,223
351,223
352,223
353,223
354,223
355,223
356,223
357,223
358,223
359,223
360,223
361,223
362,223
363,223
335,224
336,224
337,224
338,224
339,224
340,224
341,224
342,224
343,224
344,224
345,224
346,224
347,224
348,224
349,224
350,224
351,224
352,224
353,224
354,224
355,224
356,224
357,224
358,224
359,224
360,224
361,224
362,224
335,225
336,225
337,225
338,225
339,225
340,225
341,225
342,225
343,225
344,225
345,225
346,225
347,225
348,225
349,225
350,225
351,225
352,225
353,225
354,225
355,225
356,225
357,225
358,225
359,225
360,225
361,225
335,226
336,226
337,226
338,226
339,226
340,226
341,226
342,226
343,226
344,226
345,226
346,226
347,226
348,226
349,226
350,226
351,226
352,226
353,226
354,226
355,226
356,226
357,226
358,226
359,226
360,226
361,226
335,227
336,227
337,227
338,227
339,227
340,227
341,227
342,227
343,227
344,227
345,227
346,227
347,227
348,227
349,227
350,227
351,227
352,227
353,227
354,227
355,227
356,227
357,227
358,227
359,227
360,227
335,228
336,228
337,228
338,228
339,228
340,228
341,228
342,228
343,228
344,228
345,228
346,228
347,228
348,228
349,228
350,228
351,228
352,228
353,228
354,228
355,228
356,228
357,228
358,228
359,228
360,228
335,229
336,229
337,229
338,229
339,229
340,229
341,229
342,229
343,229
344,229
345,229
346,229
347,229
348,229
349,229
350,229
351,229
352,229
353,229
354,229
355,229
356,229
357,229
358,229
359,229
335,230
336,230
337,230
338,230
339,230
340,230
341,230
342,230
343,230
344,230
345,230
346,230
347,230
348,230
349,230
350,230
351,230
352,230
353,230
354,230
355,230
356,230
357,230
358,230
359,230
335,231
336,231
337,231
338,231
339,231
340,231
341,231
342,231
343,231
344,231
345,231
346,231
347,231
348,231
349,231
350,231
351,231
352,231
353,231
354,231
355,231
356,231
357,231
358,231
335,232
336,232
337,232
338,232
339,232
340,232
341,232
342,232
343,232
344,232
345,232
346,232
347,232
348,232
349,232
350,232
351,232
352,232
353,232
354,232
355,232
356,232
357,232
335,233
336,233
337,233
338,233
339,233
340,233
341,233
342,233
343,233
344,233
345,233
346,233
347,233
348,233
349,233
350,233
351,233
352,233
353,233
354,233
355,233
356,233
335,234
336,234
337,234
338,234
339,234
340,234
341,234
342,234
343,234
344,234
345,234
346,234
347,234
348,234
349,234
350,234
351,234
352,234
353,234
354,234
355,234
335,235
336,235
337,235
338,235
339,235
340,235
341,235
342,235
343,235
344,235
345,235
346,235
347,235
348,235
349,235
350,235
351,235
352,235
353,235
354,235
335,236
336,236
337,236
338,236
339,236
340,236
341,236
342,236
343,236
344,236
345,236
346,236
347,236
348,236
349,236
350,236
351,236
352,236
353,236
354,236
335,237
336,237
337,237
338,237
339,237
340,237
341,237
342,237
343,237
344,237
345,237
346,237
347,237
348,237
349,237
350,237
351,237
352,237
353,237
335,238
336,238
337,238
338,238
339,238
340,238
341,238
342,238
343,238
344,238
345,238
346,238
347,238
348,238
349,238
350,238
351,238
352,238
335,239
336,239
337,239
338,239
339,239
340,239
341,239
342,239
343,239
344,239
345,239
346,239
347,239
348,239
349,239
350,239
351,239
335,240
336,240
337,240
338,240
339,240
340,240
341,240
342,240
343,240
344,240
345,240
346,240
347,240
348,240
349,240
350,240
335,241
336,241
337,241
338,241
339,241
340,241
341,241
342,241
343,241
344,241
345,241
346,241
347,241
348,241
349,241
335,242
336,242
337,242
338,242
339,242
340,242
341,242
342,242
343,242
344,242
345,242
346,242
347,242
348,242
335,243
336,243
337,243
338,243
339,243
340,243
341,243
342,243
343,243
344,243
345,243
346,243
347,243
335,244
336,244
337,244
338,244
339,244
340,244
341,244
342,244
343,244
344,244
345,244
346,244
335,245
336,245
337,245
338,245
339,245
340,245
341,245
342,245
343,245
344,245
345,245
335,246
336,246
337,246
338,246
339,246
340,246
341,246
342,246
343,246
344,246
335,247
336,247
337,247
338,247
339,247
340,247
341,247
342,247
343,247
335,248
336,248
337,248
338,248
339,248
340,248
341,248
342,248
