449,408
450,407
450,408
451,404
451,405
451,406
451,407
451,408
452,401
452,402
452,403
452,404
452,405
452,406
452,407
452,408
452,409
452,410
453,395
453,396
453,397
453,398
453,399
453,400
453,401
453,402
453,403
453,404
453,405
453,406
453,407
453,408
453,409
454,393
454,394
454,395
454,396
454,397
454,398
454,399
454,400
454,401
454,402
454,403
454,404
454,405
454,406
454,407
454,408
455,393
455,394
455,395
455,396
455,397
455,398
455,399
455,400
455,401
455,402
455,403
455,404
455,405
455,406
455,407
455,408
456,392
456,393
456,394
456,395
456,396
456,397
456,398
456,399
456,400
456,401
456,402
456,403
456,404
456,405
456,406
456,407
456,408
457,392
457,393
457,394
457,395
457,396
457,397
457,398
457,399
457,400
457,401
457,402
457,403
457,404
457,405
457,406
457,407
457,408
458,392
458,393
458,394
458,395
458,396
458,397
458,398
458,399
458,400
458,401
458,402
458,403
458,404
458,405
458,406
458,407
458,408
459,392
459,393
459,394
459,395
459,396
459,397
459,398
459,399
459,400
459,401
459,402
459,403
459,404
459,405
459,406
459,407
459,408
460,393
460,394
460,395
460,396
460,397
460,398
460,399
460,400
460,401
460,402
460,403
460,404
460,405
460,406
460,407
460,408
461,395
461,396
461,397
461,398
461,399
461,400
461,401
461,402
461,403
461,404
461,405
461,406
461,407
461,408
462,396
462,397
462,398
462,399
462,400
462,401
462,402
462,403
462,404
462,405
462,406
462,407
462,408
463,398
463,399
463,400
463,401
463,402
463,403
463,404
463,405
463,406
463,407
463,408
464,401
464,402
464,403
464,404
464,405
464,406
464,407
464,408
