460,442
461,442
462,442
463,442
464,442
465,442
466,442
467,442
468,442
461,443
462,443
463,443
464,443
465,443
466,443
467,443
468,443
469,443
470,443
471,443
472,443
473,443
474,443
462,444
463,444
464,444
465,444
466,444
467,444
468,444
469,444
470,444
471,444
472,444
473,444
474,444
475,444
462,445
463,445
464,445
465,445
466,445
467,445
468,445
469,445
470,445
471,445
472,445
473,445
474,445
475,445
476,445
477,445
463,446
464,446
465,446
466,446
467,446
468,446
469,446
470,446
471,446
472,446
473,446
474,446
475,446
476,446
477,446
478,446
463,447
464,447
465,447
466,447
467,447
468,447
469,447
470,447
471,447
472,447
473,447
474,447
475,447
476,447
477,447
478,447
464,448
465,448
466,448
467,448
468,448
469,448
470,448
471,448
472,448
473,448
474,448
475,448
476,448
477,448
478,448
466,449
467,449
468,449
469,449
470,449
471,449
472,449
473,449
474,449
475,449
476,449
477,449
468,450
469,450
470,450
471,450
472,450
473,450
474,450
475,450
476,450
477,450
447,451
448,451
449,451
450,451
451,451
469,451
470,451
471,451
472,451
473,451
474,451
475,451
476,451
477,451
447,452
448,452
449,452
450,452
451,452
452,452
453,452
454,452
455,452
456,452
457,452
458,452
471,452
472,452
473,452
474,452
475,452
476,452
447,453
448,453
449,453
450,453
451,453
452,453
453,453
454,453
455,453
456,453
457,453
458,453
459,453
460,453
461,453
462,453
463,453
464,453
465,453
466,453
473,453
474,453
475,453
476,453
448,454
449,454
450,454
451,454
452,454
453,454
454,454
455,454
456,454
457,454
458,454
459,454
460,454
461,454
462,454
463,454
464,454
465,454
466,454
467,454
468,454
475,454
476,454
449,455
450,455
451,455
452,455
453,455
454,455
455,455
456,455
457,455
458,455
459,455
460,455
461,455
462,455
463,455
464,455
465,455
466,455
467,455
468,455
469,455
470,455
450,456
451,456
452,456
453,456
454,456
455,456
456,456
457,456
458,456
459,456
460,456
461,456
462,456
463,456
464,456
465,456
466,456
467,456
468,456
469,456
470,456
471,456
472,456
451,457
452,457
453,457
454,457
455,457
456,457
457,457
458,457
459,457
460,457
461,457
462,457
463,457
464,457
465,457
466,457
467,457
468,457
469,457
470,457
471,457
472,457
473,457
474,457
452,458
453,458
454,458
455,458
456,458
457,458
458,458
459,458
460,458
461,458
462,458
463,458
464,458
465,458
466,458
467,458
468,458
469,458
470,458
471,458
472,458
473,458
474,458
454,459
455,459
456,459
457,459
458,459
459,459
460,459
461,459
462,459
463,459
464,459
465,459
466,459
467,459
468,459
469,459
470,459
471,459
472,459
473,459
474,459
456,460
457,460
458,460
459,460
460,460
461,460
462,460
463,460
464,460
465,460
466,460
467,460
468,460
469,460
470,460
471,460
472,460
473,460
474,460
459,461
460,461
461,461
462,461
463,461
464,461
465,461
466,461
467,461
468,461
469,461
470,461
471,461
472,461
473,461
462,462
463,462
464,462
465,462
466,462
467,462
468,462
469,462
470,462
471,462
472,462
473,462
465,463
466,463
467,463
468,463
469,463
470,463
471,463
472,463
468,464
469,464
470,464
471,464
472,464
471,465
472,465
446,470
447,470
448,470
449,470
450,470
451,470
452,470
453,470
454,470
444,471
445,471
446,471
447,471
448,471
449,471
450,471
451,471
452,471
453,471
454,471
455,471
456,471
457,471
458,471
459,471
460,471
461,471
443,472
444,472
445,472
446,472
447,472
448,472
449,472
450,472
451,472
452,472
453,472
454,472
455,472
456,472
457,472
458,472
459,472
460,472
461,472
462,472
463,472
464,472
465,472
466,472
467,472
468,472
469,472
470,472
442,473
443,473
444,473
445,473
446,473
447,473
448,473
449,473
450,473
451,473
452,473
453,473
454,473
455,473
456,473
457,473
458,473
459,473
460,473
461,473
462,473
463,473
464,473
465,473
466,473
467,473
468,473
469,473
443,474
444,474
445,474
446,474
447,474
448,474
449,474
450,474
451,474
452,474
453,474
454,474
455,474
456,474
457,474
458,474
459,474
460,474
461,474
462,474
463,474
464,474
465,474
466,474
467,474
468,474
469,474
443,475
444,475
445,475
446,475
447,475
448,475
449,475
450,475
451,475
452,475
453,475
454,475
455,475
456,475
457,475
458,475
459,475
460,475
461,475
462,475
463,475
464,475
465,475
466,475
467,475
468,475
444,476
445,476
446,476
447,476
448,476
449,476
450,476
451,476
452,476
453,476
454,476
455,476
456,476
457,476
458,476
459,476
460,476
461,476
462,476
463,476
464,476
465,476
466,476
467,476
468,476
446,477
447,477
448,477
449,477
450,477
451,477
452,477
453,477
454,477
455,477
456,477
457,477
458,477
459,477
460,477
461,477
462,477
463,477
464,477
465,477
466,477
467,477
468,477
447,478
448,478
449,478
450,478
451,478
452,478
453,478
454,478
455,478
456,478
457,478
458,478
459,478
460,478
461,478
462,478
463,478
464,478
465,478
466,478
467,478
447,479
448,479
449,479
450,479
451,479
452,479
453,479
454,479
455,479
456,479
457,479
458,479
459,479
460,479
461,479
462,479
463,479
464,479
465,479
466,479
467,479
447,480
448,480
449,480
450,480
451,480
452,480
453,480
454,480
455,480
456,480
457,480
458,480
459,480
460,480
461,480
462,480
463,480
464,480
465,480
466,480
467,480
448,481
449,481
450,481
451,481
452,481
453,481
454,481
455,481
456,481
457,481
458,481
459,481
460,481
461,481
462,481
463,481
464,481
465,481
466,481
450,482
451,482
452,482
453,482
454,482
455,482
456,482
457,482
458,482
459,482
460,482
461,482
462,482
463,482
464,482
465,482
466,482
453,483
454,483
455,483
456,483
457,483
458,483
459,483
460,483
461,483
462,483
463,483
464,483
465,483
466,483
455,484
456,484
457,484
458,484
459,484
460,484
461,484
462,484
463,484
464,484
465,484
458,485
459,485
460,485
461,485
462,485
463,485
464,485
465,485
460,486
461,486
462,486
463,486
464,486
465,486
462,487
463,487
464,487
464,488
