384,251
385,251
386,251
387,251
388,252
389,252
390,252
384,252
385,252
386,252
387,252
388,253
389,253
390,253
384,253
385,253
386,253
387,253
388,254
389,254
390,254
384,254
385,254
386,254
387,254
388,255
389,255
390,255
384,255
385,255
386,255
387,255
388,256
389,256
390,256
384,256
385,256
386,256
387,256
388,257
389,257
390,257
384,257
385,257
386,257
387,257
388,258
389,258
390,258
384,258
385,258
386,258
387,258
388,259
389,259
390,259
384,259
385,259
386,259
387,259
388,261
389,261
390,261
384,261
385,261
386,261
387,261
388,260
389,260
390,260
384,260
385,260
386,260
387,260
