153,169
154,169
155,169
156,169
157,169
158,169
159,169
160,169
161,169
162,169
163,169
164,169
165,169
166,169
167,169
168,169
169,169
170,169
143,170
144,170
145,170
146,170
147,170
148,170
149,170
150,170
151,170
152,170
153,170
154,170
155,170
156,170
157,170
158,170
159,170
160,170
161,170
162,170
163,170
164,170
165,170
166,170
167,170
168,170
169,170
170,170
143,171
144,171
145,171
146,171
147,171
148,171
149,171
150,171
151,171
152,171
153,171
154,171
155,171
156,171
157,171
158,171
159,171
160,171
161,171
162,171
163,171
164,171
165,171
166,171
167,171
168,171
169,171
170,171
143,172
144,172
145,172
146,172
147,172
148,172
149,172
150,172
151,172
152,172
153,172
154,172
155,172
156,172
157,172
158,172
159,172
160,172
161,172
162,172
163,172
164,172
165,172
166,172
167,172
168,172
169,172
170,172
130,173
131,173
132,173
133,173
134,173
135,173
136,173
137,173
138,173
139,173
140,173
141,173
142,173
143,173
144,173
145,173
146,173
147,173
148,173
149,173
150,173
151,173
152,173
153,173
154,173
155,173
156,173
157,173
158,173
159,173
160,173
161,173
162,173
163,173
164,173
165,173
166,173
167,173
168,173
169,173
170,173
130,174
131,174
132,174
133,174
134,174
135,174
136,174
137,174
138,174
139,174
140,174
141,174
142,174
143,174
144,174
145,174
146,174
147,174
148,174
149,174
150,174
151,174
152,174
153,174
154,174
155,174
156,174
157,174
158,174
159,174
160,174
161,174
162,174
163,174
164,174
165,174
166,174
167,174
168,174
169,174
170,174
123,175
124,175
125,175
126,175
127,175
128,175
129,175
130,175
131,175
132,175
133,175
134,175
135,175
136,175
137,175
138,175
139,175
140,175
141,175
142,175
143,175
144,175
145,175
146,175
147,175
148,175
149,175
150,175
151,175
152,175
153,175
154,175
155,175
156,175
157,175
158,175
159,175
160,175
161,175
162,175
163,175
164,175
165,175
166,175
167,175
168,175
169,175
170,175
123,176
124,176
125,176
126,176
127,176
128,176
129,176
130,176
131,176
132,176
133,176
134,176
135,176
136,176
137,176
138,176
139,176
140,176
141,176
142,176
143,176
144,176
145,176
146,176
147,176
148,176
149,176
150,176
151,176
152,176
153,176
154,176
155,176
156,176
157,176
158,176
159,176
160,176
161,176
162,176
163,176
164,176
165,176
166,176
167,176
168,176
169,176
170,176
123,177
124,177
125,177
126,177
127,177
128,177
129,177
130,177
131,177
132,177
133,177
134,177
135,177
136,177
137,177
138,177
139,177
140,177
141,177
142,177
143,177
144,177
145,177
146,177
147,177
148,177
149,177
150,177
151,177
152,177
153,177
154,177
155,177
156,177
157,177
158,177
159,177
160,177
161,177
162,177
163,177
164,177
165,177
166,177
167,177
168,177
169,177
170,177
124,178
125,178
126,178
127,178
128,178
129,178
130,178
131,178
132,178
133,178
134,178
135,178
136,178
137,178
138,178
139,178
140,178
141,178
142,178
143,178
144,178
145,178
146,178
147,178
148,178
149,178
150,178
151,178
152,178
153,178
154,178
155,178
156,178
157,178
158,178
159,178
160,178
161,178
162,178
163,178
164,178
165,178
166,178
167,178
168,178
169,178
170,178
124,179
125,179
126,179
127,179
128,179
129,179
130,179
131,179
132,179
133,179
134,179
135,179
136,179
137,179
138,179
139,179
140,179
141,179
142,179
143,179
144,179
145,179
146,179
147,179
148,179
149,179
150,179
151,179
152,179
153,179
154,179
155,179
156,179
157,179
158,179
159,179
160,179
161,179
162,179
163,179
164,179
165,179
166,179
167,179
168,179
169,179
170,179
125,180
126,180
127,180
128,180
129,180
130,180
131,180
132,180
133,180
134,180
135,180
136,180
137,180
138,180
139,180
140,180
141,180
142,180
143,180
144,180
145,180
146,180
147,180
148,180
149,180
150,180
151,180
152,180
153,180
154,180
155,180
156,180
157,180
158,180
159,180
160,180
161,180
162,180
163,180
164,180
165,180
166,180
167,180
168,180
169,180
170,180
125,181
126,181
127,181
128,181
129,181
130,181
131,181
132,181
133,181
134,181
135,181
136,181
137,181
138,181
139,181
140,181
141,181
142,181
143,181
144,181
145,181
146,181
147,181
148,181
149,181
150,181
151,181
152,181
153,181
154,181
155,181
156,181
157,181
158,181
159,181
160,181
161,181
162,181
163,181
164,181
165,181
166,181
167,181
168,181
169,181
170,181
126,182
127,182
128,182
129,182
130,182
131,182
132,182
133,182
134,182
135,182
136,182
137,182
138,182
139,182
140,182
141,182
142,182
143,182
144,182
145,182
146,182
147,182
148,182
149,182
150,182
151,182
152,182
153,182
154,182
155,182
156,182
157,182
158,182
159,182
160,182
161,182
162,182
163,182
164,182
165,182
166,182
167,182
168,182
169,182
170,182
126,183
127,183
128,183
129,183
130,183
131,183
132,183
133,183
134,183
135,183
136,183
137,183
138,183
139,183
140,183
141,183
142,183
143,183
144,183
145,183
146,183
147,183
148,183
149,183
150,183
151,183
152,183
153,183
154,183
155,183
156,183
157,183
158,183
159,183
160,183
161,183
162,183
163,183
164,183
165,183
166,183
167,183
168,183
169,183
170,183
127,184
128,184
129,184
130,184
131,184
132,184
133,184
134,184
135,184
136,184
137,184
138,184
139,184
140,184
141,184
142,184
143,184
144,184
145,184
146,184
147,184
148,184
149,184
150,184
151,184
152,184
153,184
154,184
155,184
156,184
157,184
158,184
159,184
160,184
161,184
162,184
163,184
164,184
165,184
166,184
167,184
168,184
169,184
170,184
127,185
128,185
129,185
130,185
131,185
132,185
133,185
134,185
135,185
136,185
137,185
138,185
139,185
140,185
141,185
142,185
143,185
144,185
145,185
146,185
147,185
148,185
149,185
150,185
151,185
152,185
153,185
154,185
155,185
156,185
157,185
158,185
159,185
160,185
161,185
162,185
163,185
164,185
165,185
166,185
167,185
168,185
169,185
170,185
128,186
129,186
130,186
131,186
132,186
133,186
134,186
135,186
136,186
137,186
138,186
139,186
140,186
141,186
142,186
143,186
144,186
145,186
146,186
147,186
148,186
149,186
150,186
151,186
152,186
153,186
154,186
155,186
156,186
157,186
158,186
159,186
160,186
161,186
162,186
163,186
164,186
165,186
166,186
167,186
168,186
169,186
170,186
128,187
129,187
130,187
131,187
132,187
133,187
134,187
135,187
136,187
137,187
138,187
139,187
140,187
141,187
142,187
143,187
144,187
145,187
146,187
147,187
148,187
149,187
150,187
151,187
152,187
153,187
154,187
155,187
156,187
157,187
158,187
159,187
160,187
161,187
162,187
163,187
164,187
165,187
166,187
167,187
168,187
169,187
170,187
129,188
130,188
131,188
132,188
133,188
134,188
135,188
136,188
137,188
138,188
139,188
140,188
141,188
142,188
143,188
144,188
145,188
146,188
147,188
148,188
149,188
150,188
151,188
152,188
153,188
154,188
155,188
156,188
157,188
158,188
159,188
160,188
161,188
162,188
163,188
164,188
165,188
166,188
167,188
168,188
169,188
170,188
129,189
130,189
131,189
132,189
133,189
134,189
135,189
136,189
137,189
138,189
139,189
140,189
141,189
142,189
143,189
144,189
145,189
146,189
147,189
148,189
149,189
150,189
151,189
152,189
153,189
154,189
155,189
156,189
157,189
158,189
159,189
160,189
161,189
162,189
163,189
164,189
165,189
166,189
167,189
168,189
169,189
170,189
130,190
131,190
132,190
133,190
134,190
135,190
136,190
137,190
138,190
139,190
140,190
141,190
142,190
143,190
144,190
145,190
146,190
147,190
148,190
149,190
150,190
151,190
152,190
153,190
154,190
155,190
156,190
157,190
158,190
159,190
160,190
161,190
162,190
163,190
164,190
165,190
166,190
167,190
168,190
169,190
170,190
130,191
131,191
132,191
133,191
134,191
135,191
136,191
137,191
138,191
139,191
140,191
141,191
142,191
143,191
144,191
145,191
146,191
147,191
148,191
149,191
150,191
151,191
152,191
153,191
154,191
155,191
156,191
157,191
158,191
159,191
160,191
161,191
162,191
163,191
164,191
165,191
166,191
167,191
168,191
169,191
170,191
131,192
132,192
133,192
134,192
135,192
136,192
137,192
138,192
139,192
140,192
141,192
142,192
143,192
144,192
145,192
146,192
147,192
148,192
149,192
150,192
151,192
152,192
153,192
154,192
155,192
156,192
157,192
158,192
159,192
160,192
161,192
162,192
163,192
164,192
165,192
166,192
167,192
168,192
169,192
170,192
131,193
132,193
133,193
134,193
135,193
136,193
137,193
138,193
139,193
140,193
141,193
142,193
143,193
144,193
145,193
146,193
147,193
148,193
149,193
150,193
151,193
152,193
153,193
154,193
155,193
156,193
157,193
158,193
159,193
160,193
161,193
162,193
163,193
164,193
165,193
166,193
167,193
168,193
169,193
170,193
132,194
133,194
134,194
135,194
136,194
137,194
138,194
139,194
140,194
141,194
142,194
143,194
144,194
145,194
146,194
147,194
148,194
149,194
150,194
151,194
152,194
153,194
154,194
155,194
156,194
157,194
158,194
159,194
160,194
161,194
162,194
163,194
164,194
165,194
166,194
167,194
168,194
169,194
170,194
132,195
133,195
134,195
135,195
136,195
137,195
138,195
139,195
140,195
141,195
142,195
143,195
144,195
145,195
146,195
147,195
148,195
149,195
150,195
151,195
152,195
153,195
154,195
155,195
156,195
157,195
158,195
159,195
160,195
161,195
162,195
163,195
164,195
165,195
166,195
167,195
168,195
169,195
170,195
133,196
134,196
135,196
136,196
137,196
138,196
139,196
140,196
141,196
142,196
143,196
144,196
145,196
146,196
147,196
148,196
149,196
150,196
151,196
152,196
153,196
154,196
155,196
156,196
157,196
158,196
159,196
160,196
161,196
162,196
163,196
164,196
165,196
166,196
167,196
168,196
169,196
170,196
133,197
134,197
135,197
136,197
137,197
138,197
139,197
140,197
141,197
142,197
143,197
144,197
145,197
146,197
147,197
148,197
149,197
150,197
151,197
152,197
153,197
154,197
155,197
156,197
157,197
158,197
159,197
160,197
161,197
162,197
163,197
164,197
165,197
166,197
167,197
168,197
169,197
170,197
134,198
135,198
136,198
137,198
138,198
139,198
140,198
141,198
142,198
143,198
144,198
145,198
146,198
147,198
148,198
149,198
150,198
151,198
152,198
153,198
154,198
155,198
156,198
157,198
158,198
159,198
160,198
161,198
162,198
163,198
164,198
165,198
166,198
167,198
168,198
169,198
170,198
134,199
135,199
136,199
137,199
138,199
139,199
140,199
141,199
142,199
143,199
144,199
145,199
146,199
147,199
148,199
149,199
150,199
151,199
152,199
153,199
154,199
155,199
156,199
157,199
158,199
159,199
160,199
161,199
162,199
163,199
164,199
165,199
166,199
167,199
168,199
169,199
170,199
135,200
136,200
137,200
138,200
139,200
140,200
141,200
142,200
143,200
144,200
145,200
146,200
147,200
148,200
149,200
150,200
151,200
152,200
153,200
154,200
155,200
156,200
157,200
158,200
159,200
160,200
161,200
162,200
163,200
164,200
165,200
166,200
167,200
168,200
169,200
170,200
135,201
136,201
137,201
138,201
139,201
140,201
141,201
142,201
143,201
144,201
145,201
146,201
147,201
148,201
149,201
150,201
151,201
152,201
153,201
154,201
155,201
156,201
157,201
158,201
159,201
160,201
161,201
162,201
163,201
164,201
165,201
166,201
167,201
168,201
169,201
170,201
136,202
137,202
138,202
139,202
140,202
141,202
142,202
143,202
144,202
145,202
146,202
147,202
148,202
149,202
150,202
151,202
152,202
153,202
154,202
155,202
156,202
157,202
158,202
159,202
160,202
161,202
162,202
163,202
164,202
165,202
166,202
167,202
168,202
169,202
170,202
136,203
137,203
138,203
139,203
140,203
141,203
142,203
143,203
144,203
145,203
146,203
147,203
148,203
149,203
150,203
151,203
152,203
153,203
154,203
155,203
156,203
157,203
158,203
159,203
160,203
161,203
162,203
163,203
164,203
165,203
166,203
167,203
168,203
169,203
170,203
137,204
138,204
139,204
140,204
141,204
142,204
143,204
144,204
145,204
146,204
147,204
148,204
149,204
150,204
151,204
152,204
153,204
154,204
155,204
156,204
157,204
158,204
159,204
160,204
161,204
162,204
163,204
164,204
165,204
166,204
167,204
168,204
169,204
170,204
137,205
138,205
139,205
140,205
141,205
142,205
143,205
144,205
145,205
146,205
147,205
148,205
149,205
150,205
151,205
152,205
153,205
154,205
155,205
156,205
157,205
158,205
159,205
160,205
161,205
162,205
163,205
164,205
165,205
166,205
167,205
168,205
169,205
170,205
138,206
139,206
140,206
141,206
142,206
143,206
144,206
145,206
146,206
147,206
148,206
149,206
150,206
151,206
152,206
153,206
154,206
155,206
156,206
157,206
158,206
159,206
160,206
161,206
162,206
163,206
164,206
165,206
166,206
167,206
168,206
169,206
170,206
138,207
139,207
140,207
141,207
142,207
143,207
144,207
145,207
146,207
147,207
148,207
149,207
150,207
151,207
152,207
153,207
154,207
155,207
156,207
157,207
158,207
159,207
160,207
161,207
162,207
163,207
164,207
165,207
166,207
167,207
168,207
169,207
170,207
139,208
140,208
141,208
142,208
143,208
144,208
145,208
146,208
147,208
148,208
149,208
150,208
151,208
152,208
153,208
154,208
155,208
156,208
157,208
158,208
159,208
160,208
161,208
162,208
163,208
164,208
165,208
166,208
167,208
168,208
169,208
170,208
139,209
140,209
141,209
142,209
143,209
144,209
145,209
146,209
147,209
148,209
149,209
150,209
151,209
152,209
153,209
154,209
155,209
156,209
157,209
158,209
159,209
160,209
161,209
162,209
163,209
164,209
165,209
166,209
167,209
168,209
169,209
170,209
140,210
141,210
142,210
143,210
144,210
145,210
146,210
147,210
148,210
149,210
150,210
151,210
152,210
153,210
154,210
155,210
156,210
157,210
158,210
159,210
160,210
161,210
162,210
163,210
164,210
165,210
166,210
167,210
168,210
169,210
170,210
140,211
141,211
142,211
143,211
144,211
145,211
146,211
147,211
148,211
149,211
150,211
151,211
152,211
153,211
154,211
155,211
156,211
157,211
158,211
159,211
160,211
161,211
162,211
163,211
164,211
165,211
166,211
167,211
168,211
169,211
170,211
141,212
142,212
143,212
144,212
145,212
146,212
147,212
148,212
149,212
150,212
151,212
152,212
153,212
154,212
155,212
156,212
157,212
158,212
159,212
160,212
161,212
162,212
163,212
164,212
165,212
166,212
167,212
168,212
169,212
170,212
141,213
142,213
143,213
144,213
145,213
146,213
147,213
148,213
149,213
150,213
151,213
152,213
153,213
154,213
155,213
156,213
157,213
158,213
159,213
160,213
161,213
162,213
163,213
164,213
165,213
166,213
167,213
168,213
169,213
170,213
142,214
143,214
144,214
145,214
146,214
147,214
148,214
149,214
150,214
151,214
152,214
153,214
154,214
155,214
156,214
157,214
158,214
159,214
160,214
161,214
162,214
163,214
164,214
165,214
166,214
167,214
168,214
169,214
170,214
142,215
143,215
144,215
145,215
146,215
147,215
148,215
149,215
150,215
151,215
152,215
153,215
154,215
155,215
156,215
157,215
158,215
159,215
160,215
161,215
162,215
163,215
164,215
165,215
166,215
167,215
168,215
169,215
170,215
143,216
144,216
145,216
146,216
147,216
148,216
149,216
150,216
151,216
152,216
153,216
154,216
155,216
156,216
157,216
158,216
159,216
160,216
161,216
162,216
163,216
164,216
165,216
166,216
167,216
168,216
169,216
170,216
143,217
144,217
145,217
146,217
147,217
148,217
149,217
150,217
151,217
152,217
153,217
154,217
155,217
156,217
157,217
158,217
159,217
160,217
161,217
162,217
163,217
164,217
165,217
166,217
167,217
168,217
169,217
170,217
144,218
145,218
146,218
147,218
148,218
149,218
150,218
151,218
152,218
153,218
154,218
155,218
156,218
157,218
158,218
159,218
160,218
161,218
162,218
163,218
164,218
165,218
166,218
167,218
168,218
169,218
170,218
144,219
145,219
146,219
147,219
148,219
149,219
150,219
151,219
152,219
153,219
154,219
155,219
156,219
157,219
158,219
159,219
160,219
161,219
162,219
163,219
164,219
165,219
166,219
167,219
168,219
169,219
170,219
145,220
146,220
147,220
148,220
149,220
150,220
151,220
152,220
153,220
154,220
155,220
156,220
157,220
158,220
159,220
160,220
161,220
162,220
163,220
164,220
165,220
166,220
167,220
168,220
169,220
170,220
146,221
147,221
148,221
149,221
150,221
151,221
152,221
153,221
154,221
155,221
156,221
157,221
158,221
159,221
160,221
161,221
162,221
163,221
164,221
165,221
166,221
167,221
168,221
169,221
170,221
148,222
149,222
150,222
151,222
152,222
153,222
154,222
155,222
156,222
157,222
158,222
159,222
160,222
161,222
162,222
163,222
164,222
165,222
166,222
167,222
168,222
169,222
170,222
148,223
149,223
150,223
151,223
152,223
153,223
154,223
155,223
156,223
157,223
158,223
159,223
160,223
161,223
162,223
163,223
164,223
165,223
166,223
167,223
168,223
169,223
170,223
148,224
149,224
150,224
151,224
152,224
153,224
154,224
155,224
156,224
157,224
158,224
159,224
160,224
161,224
162,224
163,224
164,224
165,224
166,224
167,224
168,224
169,224
170,224
148,225
149,225
150,225
151,225
152,225
153,225
154,225
155,225
156,225
157,225
158,225
159,225
160,225
161,225
162,225
163,225
164,225
165,225
166,225
167,225
168,225
169,225
170,225
148,226
149,226
150,226
151,226
152,226
154,226
155,226
156,226
157,226
158,226
159,226
160,226
161,226
162,226
163,226
164,226
165,226
166,226
167,226
168,226
169,226
170,226
148,227
149,227
150,227
151,227
152,227
156,227
157,227
158,227
159,227
160,227
161,227
162,227
163,227
164,227
165,227
166,227
167,227
168,227
169,227
170,227
148,228
149,228
150,228
151,228
152,228
158,228
159,228
160,228
161,228
162,228
163,228
164,228
165,228
166,228
167,228
168,228
169,228
170,228
147,229
148,229
149,229
150,229
151,229
152,229
159,229
160,229
161,229
162,229
163,229
164,229
165,229
166,229
167,229
168,229
169,229
170,229
147,230
148,230
149,230
150,230
151,230
152,230
161,230
162,230
163,230
164,230
165,230
166,230
167,230
168,230
169,230
170,230
147,231
148,231
149,231
150,231
151,231
163,231
164,231
165,231
166,231
167,231
168,231
169,231
170,231
147,232
148,232
149,232
150,232
151,232
164,232
165,232
166,232
167,232
168,232
169,232
170,232
147,233
148,233
149,233
150,233
151,233
166,233
167,233
168,233
169,233
170,233
147,234
148,234
149,234
150,234
151,234
168,234
169,234
170,234
146,235
147,235
148,235
149,235
150,235
169,235
170,235
146,236
147,236
148,236
149,236
150,236
170,236
146,237
147,237
148,237
149,237
150,237
146,238
147,238
148,238
149,238
150,238
146,239
147,239
148,239
149,239
145,240
146,240
147,240
148,240
149,240
145,241
146,241
147,241
148,241
149,241
145,242
146,242
147,242
148,242
144,243
145,243
146,243
147,243
148,243
144,244
145,244
146,244
147,244
148,244
144,245
145,245
146,245
147,245
143,246
144,246
145,246
146,246
147,246
143,247
144,247
145,247
146,247
143,248
144,248
145,248
146,248
142,249
143,249
144,249
145,249
142,250
143,250
144,250
145,250
142,251
143,251
144,251
141,252
142,252
143,252
144,252
141,253
142,253
143,253
140,254
141,254
142,254
143,254
140,255
141,255
142,255
139,256
140,256
141,256
139,257
140,257
141,257
138,258
139,258
140,258
138,259
139,259
137,260
138,260
139,260
137,261
138,261
136,262
137,262
136,263
