18,192
19,192
20,192
21,192
22,192
23,192
24,192
25,192
26,192
27,192
28,192
29,192
30,192
31,192
32,192
33,192
34,192
35,192
36,192
37,192
38,192
18,193
19,193
20,193
21,193
22,193
23,193
24,193
25,193
26,193
27,193
28,193
29,193
30,193
31,193
32,193
33,193
34,193
35,193
36,193
37,193
38,193
9,194
10,194
11,194
12,194
13,194
14,194
15,194
16,194
17,194
18,194
19,194
20,194
21,194
22,194
23,194
24,194
25,194
26,194
27,194
28,194
29,194
30,194
31,194
32,194
33,194
34,194
35,194
36,194
5,195
6,195
7,195
8,195
9,195
10,195
11,195
12,195
13,195
14,195
15,195
16,195
17,195
18,195
19,195
20,195
21,195
22,195
23,195
25,195
26,195
27,195
28,195
29,195
30,195
31,195
32,195
5,196
6,196
7,196
8,196
9,196
10,196
11,196
12,196
13,196
14,196
15,196
16,196
17,196
18,196
19,196
27,196
28,196
29,196
5,197
6,197
7,197
8,197
9,197
10,197
11,197
12,197
13,197
14,197
15,197
16,197
17,197
18,197
5,198
6,198
7,198
8,198
9,198
10,198
11,198
12,198
13,198
14,198
15,198
16,198
17,198
5,199
6,199
7,199
8,199
9,199
10,199
11,199
12,199
13,199
14,199
15,199
16,199
17,199
5,200
6,200
7,200
8,200
9,200
10,200
11,200
12,200
13,200
14,200
15,200
16,200
17,200
5,201
6,201
7,201
8,201
9,201
10,201
11,201
12,201
13,201
14,201
15,201
16,201
17,201
5,202
6,202
7,202
8,202
9,202
10,202
11,202
12,202
13,202
14,202
15,202
16,202
5,203
6,203
7,203
8,203
9,203
10,203
11,203
12,203
13,203
14,203
15,203
5,204
6,204
7,204
8,204
9,204
10,204
11,204
12,204
13,204
14,204
5,205
6,205
7,205
8,205
9,205
10,205
11,205
12,205
13,205
5,206
6,206
7,206
8,206
9,206
10,206
11,206
12,206
13,206
5,207
6,207
7,207
8,207
9,207
10,207
11,207
12,207
13,207
5,208
6,208
7,208
8,208
9,208
10,208
11,208
12,208
13,208
5,209
6,209
7,209
8,209
9,209
10,209
11,209
12,209
13,209
5,210
6,210
7,210
8,210
9,210
10,210
11,210
12,210
13,210
5,211
6,211
7,211
8,211
9,211
10,211
11,211
12,211
13,211
5,212
6,212
7,212
8,212
9,212
10,212
11,212
12,212
13,212
5,213
6,213
7,213
8,213
9,213
10,213
11,213
12,213
13,213
5,214
6,214
7,214
8,214
9,214
10,214
11,214
12,214
13,214
5,215
6,215
7,215
8,215
9,215
10,215
11,215
12,215
13,215
5,216
6,216
7,216
8,216
9,216
10,216
11,216
12,216
13,216
5,217
6,217
7,217
8,217
9,217
10,217
11,217
12,217
13,217
5,218
6,218
7,218
8,218
9,218
10,218
11,218
12,218
13,218
5,219
6,219
7,219
8,219
9,219
10,219
11,219
12,219
13,219
5,220
6,220
7,220
8,220
9,220
10,220
11,220
12,220
13,220
5,221
6,221
7,221
8,221
9,221
10,221
11,221
12,221
13,221
5,222
6,222
7,222
8,222
9,222
10,222
11,222
12,222
13,222
5,223
6,223
7,223
8,223
9,223
10,223
11,223
12,223
13,223
5,224
6,224
7,224
8,224
9,224
10,224
11,224
12,224
13,224
5,225
6,225
7,225
8,225
9,225
10,225
11,225
12,225
13,225
5,226
6,226
7,226
8,226
9,226
10,226
11,226
12,226
13,226
5,227
6,227
7,227
8,227
9,227
10,227
11,227
12,227
13,227
5,228
6,228
7,228
8,228
9,228
10,228
11,228
12,228
13,228
5,229
6,229
7,229
8,229
9,229
10,229
11,229
12,229
13,229
5,230
6,230
7,230
8,230
9,230
10,230
11,230
12,230
13,230
5,231
6,231
7,231
8,231
9,231
10,231
11,231
12,231
13,231
5,232
6,232
7,232
8,232
9,232
10,232
11,232
12,232
13,232
5,233
6,233
7,233
8,233
9,233
10,233
11,233
12,233
13,233
5,234
6,234
7,234
8,234
9,234
10,234
11,234
12,234
13,234
5,235
6,235
7,235
8,235
9,235
10,235
11,235
12,235
13,235
5,236
6,236
7,236
8,236
9,236
10,236
11,236
12,236
13,236
5,237
6,237
7,237
8,237
9,237
10,237
11,237
12,237
13,237
5,238
6,238
7,238
8,238
9,238
10,238
11,238
12,238
13,238
5,239
6,239
7,239
8,239
9,239
10,239
11,239
12,239
13,239
5,240
6,240
7,240
8,240
9,240
10,240
11,240
12,240
13,240
5,241
6,241
7,241
8,241
9,241
10,241
11,241
12,241
13,241
5,242
6,242
7,242
8,242
9,242
10,242
11,242
12,242
13,242
5,243
6,243
7,243
8,243
9,243
10,243
11,243
12,243
13,243
5,244
6,244
7,244
8,244
9,244
10,244
11,244
12,244
13,244
5,245
6,245
7,245
8,245
9,245
10,245
11,245
12,245
13,245
5,246
6,246
7,246
8,246
9,246
10,246
11,246
12,246
13,246
5,247
6,247
7,247
8,247
9,247
10,247
11,247
12,247
13,247
5,248
6,248
7,248
8,248
9,248
10,248
11,248
12,248
13,248
5,249
6,249
7,249
8,249
9,249
10,249
11,249
12,249
13,249
5,250
6,250
7,250
8,250
9,250
10,250
11,250
12,250
13,250
5,251
6,251
7,251
8,251
9,251
10,251
11,251
12,251
13,251
5,252
6,252
7,252
8,252
9,252
10,252
11,252
12,252
13,252
5,253
6,253
7,253
8,253
9,253
10,253
11,253
12,253
13,253
5,254
6,254
7,254
8,254
9,254
10,254
11,254
12,254
13,254
5,255
6,255
7,255
8,255
9,255
10,255
11,255
12,255
13,255
5,256
6,256
7,256
8,256
9,256
10,256
11,256
12,256
13,256
5,257
6,257
7,257
8,257
9,257
10,257
11,257
12,257
13,257
5,258
6,258
7,258
8,258
9,258
10,258
11,258
12,258
13,258
5,259
6,259
7,259
8,259
9,259
10,259
11,259
12,259
13,259
5,260
6,260
7,260
8,260
9,260
10,260
11,260
12,260
13,260
5,261
6,261
7,261
8,261
9,261
10,261
11,261
12,261
13,261
5,262
6,262
7,262
8,262
9,262
10,262
11,262
12,262
13,262
5,263
6,263
7,263
8,263
9,263
10,263
11,263
12,263
13,263
5,264
6,264
7,264
8,264
9,264
10,264
11,264
12,264
13,264
5,265
6,265
7,265
8,265
9,265
10,265
11,265
12,265
13,265
5,266
6,266
7,266
8,266
9,266
10,266
11,266
12,266
13,266
5,267
6,267
7,267
8,267
9,267
10,267
11,267
12,267
13,267
5,268
6,268
7,268
8,268
9,268
10,268
11,268
12,268
13,268
5,269
6,269
7,269
8,269
9,269
10,269
11,269
12,269
13,269
5,270
6,270
7,270
8,270
9,270
10,270
11,270
12,270
13,270
5,271
6,271
7,271
8,271
9,271
10,271
11,271
12,271
13,271
5,272
6,272
7,272
8,272
9,272
10,272
11,272
12,272
13,272
5,273
6,273
7,273
8,273
9,273
10,273
11,273
12,273
13,273
5,274
6,274
7,274
8,274
9,274
10,274
11,274
12,274
13,274
5,275
6,275
7,275
8,275
9,275
10,275
11,275
12,275
13,275
5,276
6,276
7,276
8,276
9,276
10,276
11,276
12,276
13,276
5,277
6,277
7,277
8,277
9,277
10,277
11,277
12,277
13,277
5,278
6,278
7,278
8,278
9,278
10,278
11,278
12,278
13,278
5,279
6,279
7,279
8,279
9,279
10,279
11,279
12,279
13,279
5,280
6,280
7,280
8,280
9,280
10,280
11,280
12,280
13,280
5,281
6,281
7,281
8,281
9,281
10,281
11,281
12,281
13,281
5,282
6,282
7,282
8,282
9,282
10,282
11,282
12,282
13,282
5,283
6,283
7,283
8,283
9,283
10,283
11,283
12,283
13,283
5,284
6,284
7,284
8,284
9,284
10,284
11,284
12,284
13,284
5,285
6,285
7,285
8,285
9,285
10,285
11,285
12,285
13,285
5,286
6,286
7,286
8,286
9,286
10,286
11,286
12,286
13,286
5,287
6,287
7,287
8,287
9,287
10,287
11,287
12,287
13,287
5,288
6,288
7,288
8,288
9,288
10,288
11,288
12,288
13,288
5,289
6,289
7,289
8,289
9,289
10,289
11,289
12,289
13,289
5,290
6,290
7,290
8,290
9,290
10,290
11,290
12,290
13,290
5,291
6,291
7,291
8,291
9,291
10,291
11,291
12,291
13,291
5,292
6,292
7,292
8,292
9,292
10,292
11,292
12,292
13,292
5,293
6,293
7,293
8,293
9,293
10,293
11,293
12,293
13,293
5,294
6,294
7,294
8,294
9,294
10,294
11,294
12,294
13,294
5,295
6,295
7,295
8,295
9,295
10,295
11,295
12,295
13,295
5,296
6,296
7,296
8,296
9,296
10,296
11,296
12,296
13,296
5,297
6,297
7,297
8,297
9,297
10,297
11,297
12,297
13,297
5,298
6,298
7,298
8,298
9,298
10,298
11,298
12,298
13,298
5,299
6,299
7,299
8,299
9,299
10,299
11,299
12,299
13,299
5,300
6,300
7,300
8,300
9,300
10,300
11,300
12,300
13,300
5,301
6,301
7,301
8,301
9,301
10,301
11,301
12,301
13,301
5,302
6,302
7,302
8,302
9,302
10,302
11,302
12,302
13,302
5,303
6,303
7,303
8,303
9,303
10,303
11,303
12,303
13,303
5,304
6,304
7,304
8,304
9,304
10,304
11,304
12,304
13,304
5,305
6,305
7,305
8,305
9,305
10,305
11,305
12,305
13,305
5,306
6,306
7,306
8,306
9,306
10,306
11,306
12,306
13,306
5,307
6,307
7,307
8,307
9,307
10,307
11,307
12,307
13,307
5,308
6,308
7,308
8,308
9,308
10,308
11,308
12,308
13,308
5,309
6,309
7,309
8,309
9,309
10,309
11,309
12,309
13,309
5,310
6,310
7,310
8,310
9,310
10,310
11,310
12,310
13,310
5,311
6,311
7,311
8,311
9,311
10,311
11,311
12,311
13,311
5,312
6,312
7,312
8,312
9,312
10,312
11,312
12,312
13,312
5,313
6,313
7,313
8,313
9,313
10,313
11,313
12,313
13,313
5,314
6,314
7,314
8,314
9,314
10,314
11,314
12,314
13,314
5,315
6,315
7,315
8,315
9,315
10,315
11,315
12,315
13,315
5,316
6,316
7,316
8,316
9,316
10,316
11,316
12,316
13,316
5,317
6,317
7,317
8,317
9,317
10,317
11,317
12,317
13,317
5,318
6,318
7,318
8,318
9,318
10,318
11,318
12,318
13,318
5,319
6,319
7,319
8,319
9,319
10,319
11,319
12,319
13,319
5,320
6,320
7,320
8,320
9,320
10,320
11,320
12,320
13,320
5,321
6,321
7,321
8,321
9,321
10,321
11,321
12,321
13,321
5,322
6,322
7,322
8,322
9,322
10,322
11,322
12,322
13,322
5,323
6,323
7,323
8,323
9,323
10,323
11,323
12,323
13,323
5,324
6,324
7,324
8,324
9,324
10,324
11,324
12,324
13,324
5,325
6,325
7,325
8,325
9,325
10,325
11,325
12,325
13,325
5,326
6,326
7,326
8,326
9,326
10,326
11,326
12,326
13,326
