239,340
240,340
241,340
242,340
243,340
239,341
240,341
241,341
242,341
243,341
244,341
245,341
246,341
247,341
248,341
239,342
240,342
241,342
242,342
243,342
244,342
245,342
246,342
247,342
248,342
249,342
239,343
240,343
241,343
242,343
243,343
244,343
245,343
246,343
247,343
248,343
249,343
250,343
239,344
240,344
241,344
242,344
243,344
244,344
245,344
246,344
247,344
248,344
249,344
250,344
251,344
239,345
240,345
241,345
242,345
243,345
244,345
245,345
246,345
247,345
248,345
249,345
250,345
251,345
252,345
238,346
239,346
240,346
241,346
242,346
243,346
244,346
245,346
246,346
247,346
248,346
249,346
250,346
251,346
252,346
253,346
238,347
239,347
240,347
241,347
242,347
243,347
244,347
245,347
246,347
247,347
248,347
249,347
250,347
251,347
252,347
253,347
254,347
238,348
239,348
240,348
241,348
242,348
243,348
244,348
245,348
246,348
247,348
248,348
249,348
250,348
251,348
252,348
253,348
254,348
255,348
238,349
239,349
240,349
241,349
242,349
243,349
244,349
245,349
246,349
247,349
248,349
249,349
250,349
251,349
252,349
253,349
254,349
255,349
256,349
238,350
239,350
240,350
241,350
242,350
243,350
244,350
245,350
246,350
247,350
248,350
249,350
250,350
251,350
252,350
253,350
254,350
255,350
256,350
240,351
241,351
242,351
243,351
244,351
245,351
246,351
247,351
248,351
249,351
250,351
251,351
252,351
253,351
254,351
255,351
256,351
257,351
241,352
242,352
243,352
244,352
245,352
246,352
247,352
248,352
249,352
250,352
251,352
252,352
253,352
254,352
255,352
256,352
257,352
258,352
242,353
243,353
244,353
245,353
246,353
247,353
248,353
249,353
250,353
251,353
252,353
253,353
254,353
255,353
256,353
257,353
258,353
259,353
244,354
245,354
246,354
247,354
248,354
249,354
250,354
251,354
252,354
253,354
254,354
255,354
256,354
257,354
258,354
259,354
260,354
245,355
246,355
247,355
248,355
249,355
250,355
251,355
252,355
253,355
254,355
255,355
256,355
257,355
258,355
259,355
260,355
261,355
246,356
247,356
248,356
249,356
250,356
251,356
252,356
253,356
254,356
255,356
256,356
257,356
258,356
259,356
260,356
261,356
262,356
248,357
249,357
250,357
251,357
252,357
253,357
254,357
255,357
256,357
257,357
258,357
259,357
260,357
261,357
262,357
263,357
250,358
251,358
252,358
253,358
254,358
255,358
256,358
257,358
258,358
259,358
260,358
261,358
262,358
263,358
255,359
256,359
257,359
258,359
259,359
260,359
261,359
262,359
