510,361
509,362
510,362
509,363
510,363
511,363
509,364
510,364
511,364
512,364
508,365
509,365
510,365
511,365
512,365
513,365
508,366
509,366
510,366
511,366
512,366
513,366
514,366
508,367
509,367
510,367
511,367
512,367
513,367
514,367
515,367
507,368
508,368
509,368
510,368
511,368
512,368
513,368
514,368
515,368
516,368
507,369
508,369
509,369
510,369
511,369
512,369
513,369
514,369
515,369
516,369
517,369
518,369
507,370
508,370
509,370
510,370
511,370
512,370
513,370
514,370
515,370
516,370
517,370
518,370
519,370
506,371
507,371
508,371
509,371
510,371
511,371
512,371
513,371
514,371
515,371
516,371
517,371
518,371
519,371
520,371
506,372
507,372
508,372
509,372
510,372
511,372
512,372
513,372
514,372
515,372
516,372
517,372
518,372
519,372
520,372
521,372
506,373
507,373
508,373
509,373
510,373
511,373
512,373
513,373
514,373
515,373
516,373
517,373
518,373
519,373
520,373
521,373
522,373
505,374
506,374
507,374
508,374
509,374
510,374
511,374
512,374
513,374
514,374
515,374
516,374
517,374
518,374
519,374
520,374
521,374
522,374
523,374
505,375
506,375
507,375
508,375
509,375
510,375
511,375
512,375
513,375
514,375
515,375
516,375
517,375
518,375
519,375
520,375
521,375
522,375
523,375
524,375
505,376
506,376
507,376
508,376
509,376
510,376
511,376
512,376
513,376
514,376
515,376
516,376
517,376
518,376
519,376
520,376
521,376
522,376
523,376
524,376
525,376
504,377
505,377
506,377
507,377
508,377
509,377
510,377
511,377
512,377
513,377
514,377
515,377
516,377
517,377
518,377
519,377
520,377
504,378
505,378
506,378
507,378
508,378
509,378
510,378
511,378
512,378
513,378
514,378
515,378
516,378
517,378
518,378
519,378
520,378
504,379
505,379
506,379
507,379
508,379
509,379
510,379
511,379
512,379
513,379
514,379
515,379
516,379
517,379
518,379
519,379
520,379
503,380
504,380
505,380
506,380
507,380
508,380
509,380
510,380
511,380
512,380
513,380
514,380
515,380
516,380
517,380
518,380
519,380
520,380
503,381
504,381
505,381
506,381
507,381
508,381
509,381
510,381
511,381
512,381
513,381
514,381
515,381
516,381
517,381
518,381
519,381
520,381
503,382
504,382
505,382
506,382
507,382
508,382
509,382
510,382
511,382
512,382
513,382
514,382
515,382
516,382
517,382
518,382
519,382
520,382
503,383
504,383
505,383
506,383
507,383
508,383
509,383
510,383
511,383
512,383
513,383
514,383
515,383
516,383
517,383
518,383
519,383
520,383
502,384
503,384
504,384
505,384
506,384
507,384
508,384
509,384
510,384
511,384
512,384
513,384
514,384
515,384
516,384
517,384
518,384
519,384
520,384
502,385
503,385
504,385
505,385
506,385
507,385
508,385
509,385
510,385
511,385
512,385
513,385
514,385
515,385
516,385
517,385
518,385
519,385
520,385
502,386
503,386
504,386
505,386
506,386
507,386
508,386
509,386
510,386
511,386
512,386
513,386
514,386
515,386
516,386
517,386
518,386
519,386
501,387
502,387
503,387
504,387
505,387
506,387
507,387
508,387
509,387
510,387
511,387
512,387
513,387
514,387
515,387
516,387
517,387
518,387
501,388
502,388
503,388
504,388
505,388
506,388
507,388
508,388
509,388
510,388
511,388
512,388
513,388
514,388
515,388
516,388
517,388
501,389
502,389
503,389
504,389
505,389
506,389
507,389
508,389
509,389
510,389
511,389
512,389
513,389
514,389
515,389
501,390
502,390
503,390
504,390
505,390
506,390
507,390
508,390
509,390
510,390
511,390
512,390
513,390
514,390
500,391
501,391
502,391
503,391
504,391
505,391
506,391
507,391
508,391
509,391
510,391
511,391
512,391
513,391
500,392
501,392
502,392
503,392
504,392
505,392
506,392
507,392
508,392
509,392
510,392
511,392
512,392
500,393
501,393
502,393
503,393
504,393
505,393
506,393
507,393
508,393
509,393
510,393
511,393
499,394
500,394
501,394
502,394
503,394
504,394
505,394
506,394
507,394
508,394
509,394
510,394
499,395
500,395
501,395
502,395
503,395
504,395
505,395
506,395
507,395
508,395
509,395
499,396
500,396
501,396
502,396
503,396
504,396
505,396
506,396
507,396
498,397
499,397
500,397
501,397
502,397
503,397
504,397
505,397
506,397
498,398
499,398
500,398
501,398
502,398
503,398
504,398
505,398
498,399
499,399
500,399
501,399
502,399
503,399
504,399
497,400
498,400
499,400
500,400
501,400
502,400
503,400
497,401
498,401
499,401
500,401
501,401
502,401
497,402
498,402
499,402
500,402
496,403
497,403
498,403
499,403
496,404
497,404
498,404
496,405
497,405
