205,508
206,508
207,508
208,508
209,508
210,508
211,508
212,508
198,509
199,509
200,509
201,509
202,509
203,509
204,509
205,509
206,509
207,509
208,509
209,509
210,509
211,509
212,509
194,510
195,510
196,510
197,510
198,510
199,510
200,510
201,510
202,510
203,510
204,510
205,510
206,510
207,510
208,510
209,510
210,510
211,510
212,510
188,511
188,512
188,513
188,514
188,515
188,516
188,517
188,518
189,511
190,511
191,511
192,511
193,511
194,511
195,511
196,511
197,511
198,511
199,511
200,511
201,511
202,511
203,511
204,511
205,511
206,511
207,511
208,511
209,511
210,511
211,511
212,511
189,512
190,512
191,512
192,512
193,512
194,512
195,512
196,512
197,512
198,512
199,512
200,512
201,512
202,512
203,512
204,512
205,512
206,512
207,512
208,512
209,512
210,512
211,512
212,512
189,513
190,513
191,513
192,513
193,513
194,513
195,513
196,513
197,513
198,513
199,513
200,513
201,513
202,513
203,513
204,513
205,513
206,513
207,513
208,513
209,513
210,513
211,513
212,513
189,514
190,514
191,514
192,514
193,514
194,514
195,514
196,514
197,514
198,514
199,514
200,514
201,514
202,514
203,514
204,514
205,514
206,514
207,514
208,514
209,514
210,514
211,514
212,514
189,515
190,515
191,515
192,515
193,515
194,515
195,515
196,515
197,515
198,515
199,515
200,515
201,515
202,515
203,515
204,515
205,515
206,515
207,515
208,515
209,515
210,515
211,515
212,515
213,515
189,516
190,516
191,516
192,516
193,516
194,516
195,516
196,516
197,516
198,516
199,516
200,516
201,516
202,516
203,516
204,516
205,516
206,516
207,516
208,516
209,516
210,516
211,516
212,516
213,516
189,517
190,517
191,517
192,517
193,517
194,517
195,517
196,517
197,517
198,517
199,517
200,517
201,517
202,517
203,517
204,517
205,517
206,517
207,517
208,517
209,517
210,517
211,517
212,517
213,517
189,518
190,518
191,518
192,518
193,518
194,518
195,518
196,518
197,518
198,518
199,518
200,518
201,518
202,518
203,518
204,518
205,518
206,518
207,518
208,518
209,518
210,518
211,518
212,518
213,518
190,519
191,519
192,519
193,519
194,519
195,519
196,519
197,519
198,519
199,519
200,519
201,519
202,519
203,519
204,519
205,519
206,519
207,519
208,519
209,519
210,519
211,519
212,519
213,519
190,520
191,520
192,520
193,520
194,520
195,520
196,520
197,520
198,520
199,520
200,520
201,520
202,520
203,520
204,520
205,520
206,520
207,520
208,520
209,520
210,520
211,520
212,520
213,520
191,521
191,522
192,521
193,521
194,521
195,521
196,521
197,521
198,521
199,521
200,521
201,521
202,521
203,521
204,521
205,521
206,521
207,521
208,521
209,521
210,521
211,521
212,521
213,521
192,522
193,522
194,522
195,522
196,522
197,522
198,522
199,522
200,522
201,522
202,522
203,522
204,522
205,522
206,522
207,522
208,522
209,522
210,522
211,522
212,522
213,522
192,523
193,523
194,523
195,523
196,523
197,523
198,523
199,523
200,523
201,523
202,523
203,523
204,523
205,523
206,523
207,523
208,523
209,523
210,523
211,523
212,523
213,523
193,524
194,524
195,524
196,524
197,524
198,524
199,524
200,524
201,524
202,524
203,524
204,524
205,524
206,524
207,524
208,524
209,524
210,524
211,524
212,524
213,524
194,525
195,525
196,525
197,525
198,525
199,525
200,525
201,525
202,525
203,525
204,525
205,525
206,525
207,525
208,525
209,525
210,525
211,525
212,525
213,525
195,526
196,526
197,526
198,526
199,526
200,526
201,526
202,526
203,526
204,526
205,526
206,526
207,526
208,526
209,526
210,526
211,526
212,526
195,527
196,527
197,527
198,527
199,527
200,527
201,527
202,527
203,527
204,527
205,527
206,527
207,527
208,527
209,527
210,527
211,527
212,527
196,528
197,528
198,528
199,528
200,528
201,528
202,528
203,528
204,528
205,528
206,528
207,528
208,528
209,528
210,528
211,528
197,529
198,529
199,529
200,529
201,529
202,529
203,529
204,529
205,529
206,529
207,529
198,530
199,530
200,530
201,530
202,530
203,530
204,530
205,530
206,530
207,530
198,531
199,531
200,531
201,531
202,531
203,531
204,531
205,531
206,531
207,531
199,532
200,532
201,532
202,532
203,532
204,532
205,532
206,532
207,532
200,533
201,533
202,533
203,533
204,533
205,533
206,533
201,534
202,534
203,534
204,534
205,534
